setsockopt: Protocol not available
455.224 8.46126 106 2
453.224 265.461 106 2
455.051 9.44607 100 2
452.949 266.423 106 0
454.981 10.4436 94 2
452.673 267.384 106 0
454.807 11.4284 100 1
452.298 268.311 112 1
454.738 12.426 94 2
452.023 269.272 106 2
454.772 13.4254 88 2
451.849 270.257 100 2
454.912 14.4157 82 2
451.574 271.218 106 1
455.051 15.4059 82 0
451.199 272.145 112 1
455.19 16.3962 82 0
450.729 273.028 118 1
455.432 17.3665 76 2
450.355 273.956 112 2
455.674 18.3368 76 0
449.98 274.883 112 0
455.916 19.3071 76 0
449.606 275.81 112 0
456.055 20.2974 82 1
449.136 276.693 118 1
456.297 21.2677 76 2
448.667 277.576 118 0
456.639 22.2073 70 2
448.197 278.459 118 0
456.881 23.1776 76 1
447.823 279.386 112 2
457.02 24.1679 82 1
447.448 280.313 112 0
457.055 25.1673 88 1
447.073 281.24 112 0
456.985 26.1649 94 1
446.699 282.168 112 0
456.915 27.1624 94 0
446.324 283.095 112 0
456.846 28.16 94 0
445.95 284.022 112 0
456.88 29.1594 88 2
445.575 284.949 112 0
456.811 30.1569 94 1
445.2 285.876 112 0
456.637 31.1418 100 1
444.826 286.803 112 0
456.567 32.1393 94 2
444.356 287.686 118 1
456.498 33.1369 94 0
443.887 288.569 118 0
456.428 34.1344 94 0
443.417 289.452 118 0
456.254 35.1193 100 1
443.043 290.38 112 2
456.081 36.1041 100 0
442.573 291.262 118 1
455.907 37.0889 100 0
442.014 292.091 124 1
455.733 38.0737 100 0
441.371 292.858 130 1
455.458 39.0349 106 1
440.652 293.552 136 1
455.083 39.9621 112 1
439.864 294.168 142 1
454.807 40.9234 106 2
439.145 294.863 136 2
454.433 41.8506 112 1
438.425 295.557 136 0
453.963 42.7335 118 1
437.706 296.252 136 0
453.494 43.6165 118 0
436.918 296.867 142 1
453.119 44.5436 112 2
436.199 297.562 136 2
452.844 45.5049 106 2
435.556 298.328 130 2
452.469 46.4321 112 1
434.913 299.094 130 0
452.094 47.3593 112 0
434.27 299.86 130 0
451.72 48.2865 112 0
433.627 300.626 130 0
451.345 49.2136 112 0
432.908 301.321 136 1
451.069 50.1749 106 2
432.265 302.087 130 2
450.896 51.1597 100 2
431.706 302.916 124 2
450.62 52.121 106 1
431.147 303.745 124 0
450.246 53.0482 112 1
430.677 304.628 118 2
449.776 53.9311 118 1
430.303 305.555 112 2
449.217 54.7601 124 1
429.928 306.482 112 0
448.574 55.5262 130 1
429.653 307.444 106 2
447.855 56.2208 136 1
429.479 308.428 100 2
447.067 56.8365 142 1
429.305 309.413 100 0
446.347 57.5312 136 2
429.132 310.398 100 0
445.705 58.2972 130 2
428.958 311.383 100 0
444.985 58.9919 136 1
428.888 312.38 94 2
444.197 59.6075 142 1
428.715 313.365 100 1
443.349 60.1375 148 1
428.439 314.327 106 1
442.501 60.6674 148 0
428.064 315.254 112 1
441.713 61.283 142 2
427.595 316.137 118 1
440.994 61.9777 136 2
427.036 316.966 124 1
440.206 62.5934 142 1
426.566 317.849 118 2
439.418 63.209 142 0
426.192 318.776 112 2
438.63 63.8247 142 0
425.916 319.737 106 2
437.91 64.5193 136 2
425.541 320.664 112 1
437.191 65.214 136 0
425.072 321.547 118 1
436.472 65.9086 136 0
424.513 322.376 124 1
435.684 66.5243 142 1
423.954 323.205 124 0
434.836 67.0542 148 1
423.394 324.034 124 0
433.937 67.4926 154 1
422.835 324.863 124 0
433.089 68.0225 148 2
422.366 325.746 118 2
432.19 68.4609 154 1
421.896 326.629 118 0
431.25 68.8029 160 1
421.427 327.512 118 0
430.311 69.1449 160 0
420.957 328.395 118 0
429.412 69.5833 154 2
420.398 329.224 124 1
428.564 70.1132 148 2
419.755 329.99 130 1
427.665 70.5516 154 1
419.036 330.685 136 1
426.817 71.0815 148 2
418.393 331.451 130 2
426.029 71.6972 142 2
417.834 332.28 124 2
425.31 72.3918 136 2
417.191 333.046 130 1
424.59 73.0865 136 0
416.548 333.812 130 0
423.871 73.7811 136 0
415.906 334.578 130 0
423.152 74.4758 136 0
415.263 335.344 130 0
422.364 75.0915 142 1
414.543 336.039 136 1
421.516 75.6214 148 1
413.755 336.655 142 1
420.728 76.237 142 2
413.036 337.349 136 2
420.008 76.9317 136 2
412.317 338.044 136 0
419.365 77.6978 130 2
411.597 338.738 136 0
418.723 78.4638 130 0
410.809 339.354 142 1
418.003 79.1585 136 1
409.961 339.884 148 1
417.215 79.7741 142 1
409.063 340.322 154 1
416.496 80.4688 136 2
408.164 340.761 154 0
415.777 81.1634 136 0
407.265 341.199 154 0
415.057 81.8581 136 0
406.366 341.638 154 0
414.269 82.4738 142 1
405.518 342.167 148 2
413.55 83.1684 136 2
404.73 342.783 142 2
412.907 83.9345 130 2
404.011 343.478 136 2
412.348 84.7635 124 2
403.368 344.244 130 2
411.789 85.5925 124 0
402.725 345.01 130 0
411.23 86.4216 124 0
402.082 345.776 130 0
410.76 87.3045 118 2
401.44 346.542 130 0
410.291 88.1875 118 0
400.72 347.237 136 1
409.821 89.0704 118 0
399.932 347.852 142 1
409.262 89.8994 124 1
399.213 348.547 136 2
408.703 90.7285 124 0
398.425 349.163 142 1
408.144 91.5575 124 0
397.577 349.693 148 1
407.584 92.3866 124 0
396.789 350.308 142 2
407.025 93.2156 124 0
396.001 350.924 142 0
406.466 94.0446 124 0
395.213 351.54 142 0
405.823 94.8107 130 1
394.425 352.155 142 0
405.18 95.5767 130 0
393.637 352.771 142 0
404.538 96.3428 130 0
392.849 353.386 142 0
403.895 97.1088 130 0
392.061 354.002 142 0
403.336 97.9379 124 2
391.213 354.532 148 1
402.866 98.8208 118 2
390.314 354.97 154 1
402.397 99.7037 118 0
389.415 355.409 154 0
402.022 100.631 112 2
388.516 355.847 154 0
401.746 101.592 106 2
387.618 356.286 154 0
401.372 102.519 112 1
386.678 356.628 160 1
400.997 103.447 112 0
385.708 356.869 166 1
400.623 104.374 112 0
384.717 357.009 172 1
400.347 105.335 106 2
383.727 357.148 172 0
399.972 106.262 112 1
382.757 357.39 166 2
399.503 107.145 118 1
381.817 357.732 160 2
398.944 107.974 124 1
380.847 357.974 166 1
398.474 108.857 118 2
379.857 358.113 172 1
398.1 109.784 112 2
378.857 358.148 178 1
397.824 110.746 106 2
377.86 358.078 184 1
397.548 111.707 106 0
376.86 358.113 178 2
397.273 112.668 106 0
375.87 358.252 172 2
396.898 113.595 112 1
374.88 358.391 172 0
396.623 114.557 106 2
373.889 358.53 172 0
396.449 115.541 100 2
372.899 358.67 172 0
396.379 116.539 94 2
371.929 358.912 166 2
396.414 117.538 88 2
370.989 359.254 160 2
396.553 118.529 82 2
370.09 359.692 154 2
396.588 119.528 88 1
369.242 360.222 148 2
396.623 120.527 88 0
368.394 360.752 148 0
396.658 121.527 88 0
367.546 361.282 148 0
396.693 122.526 88 0
366.647 361.72 154 1
396.728 123.526 88 0
365.749 362.158 154 0
396.763 124.525 88 0
364.85 362.597 154 0
396.902 125.515 82 2
364.002 363.127 148 2
397.144 126.485 76 2
363.103 363.565 154 1
397.486 127.425 70 2
362.163 363.907 160 1
397.828 128.365 70 0
361.193 364.149 166 1
398.17 129.305 70 0
360.203 364.288 172 1
398.512 130.244 70 0
359.203 364.323 178 1
398.854 131.184 70 0
358.204 364.358 178 0
399.096 132.154 76 1
357.206 364.288 184 1
399.235 133.145 82 1
356.222 364.115 190 1
399.477 134.115 76 2
355.26 363.839 196 1
399.719 135.085 76 0
354.299 363.563 196 0
399.961 136.055 76 0
353.338 363.288 196 0
400.203 137.026 76 0
352.376 363.012 196 0
400.444 137.996 76 0
351.392 362.838 190 2
400.686 138.966 76 0
350.394 362.769 184 2
400.826 139.957 82 1
349.397 362.699 184 0
400.965 140.947 82 0
348.399 362.629 184 0
401.104 141.937 82 0
347.401 362.559 184 0
401.139 142.936 88 1
346.417 362.386 190 1
401.069 143.934 94 1
345.455 362.11 196 1
400.895 144.919 100 1
344.528 361.735 202 1
400.62 145.88 106 1
343.567 361.46 196 2
400.245 146.807 112 1
342.582 361.286 190 2
399.776 147.69 118 1
341.585 361.216 184 2
399.217 148.519 124 1
340.587 361.147 184 0
398.657 149.348 124 0
339.588 361.182 178 2
398.098 150.177 124 0
338.597 361.321 172 2
397.629 151.06 118 2
337.607 361.46 172 0
397.069 151.889 124 1
336.608 361.495 178 1
396.427 152.655 130 1
335.61 361.425 184 1
395.707 153.35 136 1
334.613 361.355 184 0
395.065 154.116 130 2
333.615 361.286 184 0
394.505 154.945 124 2
332.617 361.216 184 0
393.946 155.774 124 0
331.633 361.042 190 1
393.303 156.54 130 1
330.648 360.869 190 0
392.584 157.235 136 1
329.663 360.695 190 0
391.865 157.93 136 0
328.702 360.419 196 1
391.145 158.624 136 0
327.717 360.246 190 2
390.426 159.319 136 0
326.719 360.176 184 2
389.707 160.013 136 0
325.72 360.211 178 2
389.064 160.78 130 2
324.73 360.35 172 2
388.505 161.609 124 2
323.759 360.592 166 2
387.946 162.438 124 0
322.82 360.934 160 2
387.386 163.267 124 0
321.849 361.176 166 1
386.827 164.096 124 0
320.859 361.315 172 1
386.184 164.862 130 1
319.869 361.454 172 0
385.465 165.556 136 1
318.869 361.489 178 1
384.677 166.172 142 1
317.872 361.419 184 1
383.829 166.702 148 1
316.887 361.246 190 1
382.981 167.232 148 0
315.89 361.176 184 2
382.133 167.762 148 0
314.89 361.211 178 2
381.345 168.377 142 2
313.9 361.35 172 2
380.625 169.072 136 2
312.93 361.592 166 2
379.983 169.838 130 2
311.99 361.934 160 2
379.263 170.533 136 1
311.091 362.372 154 2
378.544 171.227 136 0
310.243 362.902 148 2
377.825 171.922 136 0
309.455 363.518 142 2
377.105 172.617 136 0
308.736 364.212 136 2
376.317 173.232 142 1
308.016 364.907 136 0
375.469 173.762 148 1
307.297 365.602 136 0
374.681 174.378 142 2
306.654 366.368 130 2
373.833 174.908 148 1
305.935 367.062 136 1
372.934 175.346 154 1
305.147 367.678 142 1
372.086 175.876 148 2
304.428 368.373 136 2
371.298 176.492 142 2
303.785 369.139 130 2
370.579 177.187 136 2
303.226 369.968 124 2
369.791 177.802 142 1
302.666 370.797 124 0
368.943 178.332 148 1
302.024 371.563 130 1
368.044 178.771 154 1
301.304 372.258 136 1
367.196 179.3 148 2
300.585 372.952 136 0
366.297 179.739 154 1
299.866 373.647 136 0
365.358 180.081 160 1
299.146 374.342 136 0
364.418 180.423 160 0
298.503 375.108 130 2
363.448 180.665 166 1
297.861 375.874 130 0
362.457 180.804 172 1
297.218 376.64 130 0
361.458 180.839 178 1
296.659 377.469 124 2
360.468 180.978 172 2
296.189 378.352 118 2
359.497 181.22 166 2
295.815 379.279 112 2
358.527 181.462 166 0
295.539 380.24 106 2
357.557 181.704 166 0
295.365 381.225 100 2
356.587 181.946 166 0
295.296 382.223 94 2
355.616 182.188 166 0
295.33 383.222 88 2
354.626 182.327 172 1
295.365 384.221 88 0
353.627 182.362 178 1
295.4 385.221 88 0
352.636 182.501 172 2
295.435 386.22 88 0
351.646 182.64 172 0
295.47 387.219 88 0
350.656 182.779 172 0
295.505 388.219 88 0
349.685 183.021 166 2
295.644 389.209 82 2
348.695 183.16 172 1
295.679 390.209 88 1
347.696 183.195 178 1
295.609 391.206 94 1
346.706 183.334 172 2
295.54 392.204 94 0
345.706 183.369 178 1
295.574 393.203 88 2
344.709 183.3 184 1
295.714 394.193 82 2
343.711 183.23 184 0
295.748 395.193 88 1
342.712 183.265 178 2
295.783 396.192 88 0
341.721 183.404 172 2
295.818 397.191 88 0
340.722 183.439 178 1
295.853 398.191 88 0
339.732 183.578 172 2
295.888 399.19 88 0
338.761 183.82 166 2
295.923 400.19 88 0
337.791 184.062 166 0
295.853 401.187 94 1
336.851 184.404 160 2
295.68 402.172 100 1
335.953 184.842 154 2
295.404 403.133 106 1
335.054 185.281 154 0
295.128 404.095 106 0
334.114 185.623 160 1
294.754 405.022 112 1
333.144 185.864 166 1
294.284 405.905 118 1
332.174 186.106 166 0
293.725 406.734 124 1
331.203 186.348 166 0
293.166 407.563 124 0
330.233 186.59 166 0
292.607 408.392 124 0
329.263 186.832 166 0
291.964 409.158 130 1
328.272 186.971 172 1
291.321 409.924 130 0
327.273 187.006 178 1
290.678 410.69 130 0
326.283 187.145 172 2
290.035 411.456 130 0
325.312 187.387 166 2
289.316 412.151 136 1
324.373 187.729 160 2
288.528 412.766 142 1
323.474 188.168 154 2
287.809 413.461 136 2
322.626 188.698 148 2
287.166 414.227 130 2
321.838 189.313 142 2
286.607 415.056 124 2
321.119 190.008 136 2
286.137 415.939 118 2
320.331 190.624 142 1
285.668 416.822 118 0
319.483 191.154 148 1
285.198 417.705 118 0
318.634 191.683 148 0
284.729 418.588 118 0
317.846 192.299 142 2
284.259 419.471 118 0
317.127 192.994 136 2
283.79 420.354 118 0
316.408 193.688 136 0
283.231 421.183 124 1
315.688 194.383 136 0
282.672 422.012 124 0
314.969 195.078 136 0
282.112 422.841 124 0
314.326 195.844 130 2
281.553 423.67 124 0
313.607 196.538 136 1
280.91 424.436 130 1
312.819 197.154 142 1
280.191 425.131 136 1
312.1 197.849 136 2
279.548 425.897 130 2
311.312 198.464 142 1
278.829 426.591 136 1
310.464 198.994 148 1
278.041 427.207 142 1
309.565 199.433 154 1
277.253 427.823 142 0
308.666 199.871 154 0
276.465 428.438 142 0
307.767 200.309 154 0
275.677 429.054 142 0
306.827 200.651 160 1
274.829 429.584 148 1
305.929 201.09 154 2
273.981 430.114 148 0
305.081 201.62 148 2
273.133 430.644 148 0
304.293 202.235 142 2
272.285 431.174 148 0
303.505 202.851 142 0
271.497 431.789 142 2
302.717 203.467 142 0
270.777 432.484 136 2
301.997 204.161 136 2
270.135 433.25 130 2
301.278 204.856 136 0
269.415 433.945 136 1
300.559 205.551 136 0
268.627 434.56 142 1
299.771 206.166 142 1
267.908 435.255 136 2
298.983 206.782 142 0
267.189 435.95 136 0
298.195 207.398 142 0
266.469 436.644 136 0
297.407 208.013 142 0
265.826 437.41 130 2
296.559 208.543 148 1
265.184 438.176 130 0
295.66 208.982 154 1
264.541 438.942 130 0
294.761 209.42 154 0
263.822 439.637 136 1
293.913 209.95 148 2
263.102 440.332 136 0
293.125 210.566 142 2
262.383 441.026 136 0
292.277 211.096 148 1
261.74 441.792 130 2
291.429 211.625 148 0
261.021 442.487 136 1
290.581 212.155 148 0
260.233 443.103 142 1
289.793 212.771 142 2
259.445 443.718 142 0
288.945 213.301 148 1
258.657 444.334 142 0
288.046 213.739 154 1
257.869 444.95 142 0
287.147 214.178 154 0
257.021 445.48 148 1
286.299 214.708 148 2
256.122 445.918 154 1
285.511 215.323 142 2
255.182 446.26 160 1
284.663 215.853 148 1
254.242 446.602 160 0
283.815 216.383 148 0
253.272 446.844 166 1
282.967 216.913 148 0
252.282 446.983 172 1
282.119 217.443 148 0
251.292 447.122 172 0
281.271 217.973 148 0
250.292 447.157 178 1
280.423 218.503 148 0
249.295 447.087 184 1
279.635 219.118 142 2
248.31 446.914 190 1
278.915 219.813 136 2
247.349 446.638 196 1
278.273 220.579 130 2
246.421 446.264 202 1
277.713 221.408 124 2
245.46 445.988 196 2
277.244 222.291 118 2
244.499 445.712 196 0
276.869 223.218 112 2
243.538 445.437 196 0
276.4 224.101 118 1
242.576 445.161 196 0
275.841 224.93 124 1
241.615 444.885 196 0
275.198 225.696 130 1
240.654 444.61 196 0
274.555 226.462 130 0
239.669 444.436 190 2
273.836 227.157 136 1
238.684 444.262 190 0
273.048 227.773 142 1
237.699 444.089 190 0
272.328 228.467 136 2
236.702 444.019 184 2
271.686 229.233 130 2
235.702 444.054 178 2
271.126 230.062 124 2
234.712 444.193 172 2
270.484 230.829 130 1
233.742 444.435 166 2
269.841 231.595 130 0
232.772 444.677 166 0
269.198 232.361 130 0
231.801 444.919 166 0
268.555 233.127 130 0
230.831 445.161 166 0
267.836 233.821 136 1
229.841 445.3 172 1
267.048 234.437 142 1
228.841 445.335 178 1
266.329 235.132 136 2
227.842 445.37 178 0
265.609 235.826 136 0
226.843 445.405 178 0
264.89 236.521 136 0
225.843 445.44 178 0
264.102 237.137 142 1
224.853 445.579 172 2
263.314 237.752 142 0
223.863 445.718 172 0
262.526 238.368 142 0
222.872 445.857 172 0
261.807 239.063 136 2
221.902 446.099 166 2
261.164 239.829 130 2
220.912 446.238 172 1
260.605 240.658 124 2
219.912 446.273 178 1
259.962 241.424 130 1
218.922 446.412 172 2
259.403 242.253 124 2
217.932 446.551 172 0
258.933 243.136 118 2
216.942 446.691 172 0
258.374 243.965 124 1
215.951 446.83 172 0
257.731 244.731 130 1
214.952 446.865 178 1
257.012 245.425 136 1
213.954 446.795 184 1
256.224 246.041 142 1
212.957 446.725 184 0
255.376 246.571 148 1
211.959 446.655 184 0
254.477 247.009 154 1
210.962 446.586 184 0
253.629 247.539 148 2
209.964 446.516 184 0
252.73 247.978 154 1
208.967 446.446 184 0
251.79 248.32 160 1
207.969 446.376 184 0
250.892 248.758 154 2
206.984 446.203 190 1
249.993 249.196 154 0
205.999 446.029 190 0
249.094 249.635 154 0
205.015 445.855 190 0
248.154 249.977 160 1
204.017 445.786 184 2
247.184 250.219 166 1
203.032 445.612 190 1
246.194 250.358 172 1
202.071 445.336 196 1
245.194 250.393 178 1
201.144 444.962 202 1
244.195 250.428 178 0
200.217 444.587 202 0
243.196 250.463 178 0
199.289 444.213 202 0
242.196 250.498 178 0
198.328 443.937 196 2
241.199 250.428 184 1
197.367 443.661 196 0
240.214 250.254 190 1
196.406 443.386 196 0
239.229 250.08 190 0
195.421 443.212 190 2
238.268 249.805 196 1
194.436 443.038 190 0
237.341 249.43 202 1
193.451 442.865 190 0
236.379 249.155 196 2
192.454 442.795 184 2
235.394 248.981 190 2
191.469 442.621 190 1
234.397 248.911 184 2
190.508 442.346 196 1
233.412 248.738 190 1
189.546 442.07 196 0
232.451 248.462 196 1
188.619 441.695 202 1
231.524 248.087 202 1
187.736 441.226 208 1
230.562 247.812 196 2
186.809 440.851 202 2
229.635 247.437 202 1
185.848 440.576 196 2
228.752 246.968 208 1
184.863 440.402 190 2
227.923 246.408 214 1
183.865 440.332 184 2
227.157 245.766 220 1
182.868 440.263 184 0
226.463 245.046 226 1
181.87 440.193 184 0
225.768 244.327 226 0
180.871 440.228 178 2
225.073 243.608 226 0
179.873 440.158 184 1
224.379 242.888 226 0
178.888 439.984 190 1
223.613 242.245 220 2
177.904 439.811 190 0
222.846 241.603 220 0
176.919 439.637 190 0
222.08 240.96 220 0
175.934 439.463 190 0
221.386 240.241 226 1
174.973 439.188 196 1
220.77 239.453 232 1
174.046 438.813 202 1
220.24 238.604 238 1
173.163 438.344 208 1
219.625 237.816 232 2
172.334 437.784 214 1
218.93 237.097 226 2
171.451 437.315 208 2
218.164 236.454 220 2
170.523 436.94 202 2
217.398 235.812 220 0
169.596 436.566 202 0
216.703 235.092 226 1
168.669 436.191 202 0
216.087 234.304 232 1
167.742 435.817 202 0
215.393 233.585 226 2
166.781 435.541 196 2
214.627 232.942 220 2
165.853 435.166 202 1
213.798 232.383 214 2
164.971 434.697 208 1
212.915 231.913 208 2
164.141 434.138 214 1
212.032 231.444 208 0
163.375 433.495 220 1
211.149 230.974 208 0
162.681 432.776 226 1
210.266 230.505 208 0
162.065 431.988 232 1
209.383 230.036 208 0
161.449 431.2 232 0
208.5 229.566 208 0
160.834 430.411 232 0
207.671 229.007 214 1
160.304 429.563 238 1
206.788 228.537 208 2
159.774 428.715 238 0
205.861 228.163 202 2
159.244 427.867 238 0
204.978 227.693 208 1
158.714 427.019 238 0
204.095 227.224 208 0
158.184 426.171 238 0
203.212 226.754 208 0
157.654 425.323 238 0
202.329 226.285 208 0
157.039 424.535 232 2
201.5 225.726 214 1
156.423 423.747 232 0
200.734 225.083 220 1
155.807 422.959 232 0
200.039 224.364 226 1
155.277 422.111 238 1
199.424 223.576 232 1
154.839 421.212 244 1
198.894 222.728 238 1
154.497 420.273 250 1
198.455 221.829 244 1
154.155 419.333 250 0
197.925 220.981 238 2
153.717 418.434 244 2
197.31 220.193 232 2
153.187 417.586 238 2
196.615 219.473 226 2
152.748 416.687 244 1
195.999 218.685 232 1
152.31 415.789 244 0
195.47 217.837 238 1
151.872 414.89 244 0
194.854 217.049 232 2
151.342 414.042 238 2
194.324 216.201 238 1
150.903 413.143 244 1
193.886 215.302 244 1
150.561 412.203 250 1
193.356 214.454 238 2
150.123 411.304 244 2
192.74 213.666 232 2
149.781 410.365 250 1
192.045 212.947 226 2
149.539 409.394 256 1
191.351 212.228 226 0
149.297 408.424 256 0
190.585 211.585 220 2
149.158 407.434 262 1
189.756 211.026 214 2
149.123 406.434 268 1
188.927 210.467 214 0
148.984 405.444 262 2
188.098 209.907 214 0
148.949 404.445 268 1
187.269 209.348 214 0
149.019 403.447 274 1
186.502 208.705 220 1
149.088 402.45 274 0
185.808 207.986 226 1
149.158 401.452 274 0
185.192 207.198 232 1
149.228 400.455 274 0
184.576 206.41 232 0
149.402 399.47 280 1
183.961 205.622 232 0
149.575 398.485 280 0
183.345 204.834 232 0
149.749 397.5 280 0
182.65 204.115 226 2
149.922 396.515 280 0
181.884 203.472 220 2
150.096 395.53 280 0
181.055 202.913 214 2
150.27 394.546 280 0
180.289 202.27 220 1
150.443 393.561 280 0
179.523 201.627 220 0
150.617 392.576 280 0
178.757 200.984 220 0
150.791 391.591 280 0
178.063 200.265 226 1
151.066 390.63 286 1
177.368 199.546 226 0
151.342 389.669 286 0
176.673 198.826 226 0
151.618 388.707 286 0
175.907 198.183 220 2
151.893 387.746 286 0
175.078 197.624 214 2
152.268 386.819 292 1
174.195 197.155 208 2
152.737 385.936 298 1
173.312 196.685 208 0
153.112 385.009 292 2
172.429 196.216 208 0
153.581 384.126 298 1
171.546 195.746 208 0
154.141 383.297 304 1
170.663 195.277 208 0
154.7 382.468 304 0
169.834 194.718 214 1
155.259 381.639 304 0
169.068 194.075 220 1
155.818 380.81 304 0
168.374 193.356 226 1
156.461 380.044 310 1
167.679 192.636 226 0
157.104 379.278 310 0
166.984 191.917 226 0
157.747 378.512 310 0
166.29 191.198 226 0
158.389 377.746 310 0
165.524 190.555 220 2
158.949 376.917 304 2
164.695 189.996 214 2
159.418 376.034 298 2
163.866 189.436 214 0
159.887 375.151 298 0
162.983 188.967 208 2
160.447 374.322 304 1
162.056 188.592 202 2
161.089 373.556 310 1
161.173 188.123 208 1
161.809 372.861 316 1
160.344 187.564 214 1
162.452 372.095 310 2
159.577 186.921 220 1
163.011 371.266 304 2
158.748 186.362 214 2
163.48 370.383 298 2
157.982 185.719 220 1
163.855 369.456 292 2
157.288 185 226 1
164.131 368.494 286 2
156.593 184.28 226 0
164.406 367.533 286 0
155.827 183.637 220 2
164.58 366.548 280 2
154.998 183.078 214 2
164.65 365.551 274 2
154.169 182.519 214 0
164.823 364.566 280 1
153.286 182.05 208 2
164.893 363.568 274 2
152.359 181.675 202 2
164.858 362.569 268 2
151.398 181.399 196 2
164.928 361.572 274 1
150.413 181.226 190 2
164.998 360.574 274 0
149.415 181.156 184 2
165.067 359.576 274 0
148.43 180.982 190 1
165.137 358.579 274 0
147.446 180.809 190 0
165.207 357.581 274 0
146.461 180.635 190 0
165.277 356.584 274 0
145.476 180.461 190 0
165.45 355.599 280 1
144.515 180.186 196 1
165.624 354.614 280 0
143.588 179.811 202 1
165.798 353.629 280 0
142.705 179.342 208 1
165.971 352.644 280 0
141.822 178.872 208 0
166.041 351.647 274 2
140.939 178.403 208 0
166.006 350.648 268 2
140.056 177.933 208 0
165.971 349.648 268 0
139.173 177.464 208 0
166.041 348.651 274 1
138.29 176.994 208 0
166.215 347.666 280 1
137.363 176.62 202 2
166.284 346.668 274 2
136.401 176.344 196 2
166.458 345.683 280 1
135.417 176.17 190 2
166.734 344.722 286 1
134.419 176.101 184 2
166.907 343.737 280 2
133.42 176.136 178 2
166.977 342.74 274 2
132.429 176.275 172 2
166.942 341.74 268 2
131.459 176.517 166 2
166.803 340.75 262 2
130.489 176.759 166 0
166.664 339.76 262 0
129.518 177 166 0
166.525 338.77 262 0
128.528 177.14 172 1
166.385 337.779 262 0
127.529 177.175 178 1
166.351 336.78 268 1
126.531 177.105 184 1
166.42 335.782 274 1
125.534 177.035 184 0
166.49 334.785 274 0
124.534 177.07 178 2
166.455 333.785 268 2
123.544 177.209 172 2
166.316 332.795 262 2
122.545 177.244 178 1
166.074 331.825 256 2
121.554 177.383 172 2
165.832 330.855 256 0
120.584 177.625 166 2
165.59 329.884 256 0
119.644 177.967 160 2
165.348 328.914 256 0
118.705 178.309 160 0
165.209 327.924 262 1
117.765 178.651 160 0
165.174 326.924 268 1
116.795 178.893 166 1
165.244 325.927 274 1
115.804 179.032 172 1
165.314 324.929 274 0
114.805 179.067 178 1
165.383 323.932 274 0
113.815 179.206 172 2
165.349 322.932 268 2
112.825 179.345 172 0
165.314 321.933 268 0
111.834 179.485 172 0
165.279 320.933 268 0
110.844 179.624 172 0
165.14 319.943 262 2
109.845 179.659 178 1
165.105 318.944 268 1
108.847 179.589 184 1
165.174 317.946 274 1
107.862 179.415 190 1
165.14 316.947 268 2
106.901 179.14 196 1
165 315.957 262 2
105.974 178.765 202 1
164.758 314.986 256 2
105.013 178.489 196 2
164.619 313.996 262 1
104.085 178.115 202 1
164.584 312.997 268 1
103.202 177.645 208 1
164.654 311.999 274 1
102.275 177.271 202 2
164.724 311.001 274 0
101.392 176.801 208 1
164.689 310.002 268 2
100.563 176.242 214 1
164.55 309.012 262 2
99.7342 175.683 214 0
164.515 308.012 268 1
98.9051 175.124 214 0
164.376 307.022 262 2
98.0761 174.564 214 0
164.134 306.052 256 2
97.31 173.922 220 1
163.792 305.112 250 2
96.6154 173.202 226 1
163.55 304.142 256 1
95.9997 172.414 232 1
163.411 303.152 262 1
95.3841 171.626 232 0
163.272 302.161 262 0
94.8541 170.778 238 1
163.237 301.162 268 1
94.4158 169.88 244 1
163.306 300.164 274 1
93.9774 168.981 244 0
163.376 299.167 274 0
93.4475 168.133 238 2
163.55 298.182 280 1
92.8318 167.345 232 2
163.825 297.221 286 1
92.1372 166.625 226 2
163.999 296.236 280 2
91.4425 165.906 226 0
164.173 295.251 280 0
90.7478 165.187 226 0
164.346 294.266 280 0
90.0532 164.467 226 0
164.52 293.281 280 0
89.2871 163.825 220 2
164.694 292.297 280 0
88.4581 163.265 214 2
164.867 291.312 280 0
87.6921 162.623 220 1
165.041 290.327 280 0
86.9974 161.903 226 1
165.215 289.342 280 0
86.3817 161.115 232 1
165.388 288.357 280 0
85.8518 160.267 238 1
165.458 287.36 274 2
85.2362 159.479 232 2
165.423 286.36 268 2
84.5415 158.76 226 2
165.284 285.37 262 2
83.8468 158.04 226 0
165.042 284.4 256 2
83.2312 157.252 232 1
164.8 283.43 256 0
82.7013 156.404 238 1
164.558 282.459 256 0
82.2629 155.506 244 1
164.419 281.469 262 1
81.9209 154.566 250 1
164.28 280.479 262 0
81.679 153.596 256 1
164.141 279.489 262 0
81.3369 152.656 250 2
164.106 278.489 268 1
80.8986 151.757 244 2
164.071 277.49 268 0
80.3686 150.909 238 2
164.036 276.49 268 0
79.9303 150.01 244 1
164.001 275.491 268 0
79.4004 149.162 238 2
164.071 274.493 274 1
78.7847 148.374 232 2
164.244 273.509 280 1
78.09 147.655 226 2
164.418 272.524 280 0
77.324 147.012 220 2
164.488 271.526 274 2
76.495 146.453 214 2
164.453 270.527 268 2
75.6659 145.894 214 0
164.418 269.527 268 0
74.8999 145.251 220 1
164.383 268.528 268 0
74.2052 144.532 226 1
164.348 267.529 268 0
73.5895 143.744 232 1
164.209 266.538 262 2
72.9739 142.956 232 0
164.07 265.548 262 0
72.3582 142.168 232 0
163.931 264.558 262 0
71.6636 141.448 226 2
163.689 263.588 256 2
70.8975 140.805 220 2
163.347 262.648 250 2
70.0685 140.246 214 2
162.908 261.749 244 2
69.3024 139.603 220 1
162.379 260.901 238 2
68.6078 138.884 226 1
161.763 260.113 232 2
67.9921 138.096 232 1
161.068 259.394 226 2
67.2975 137.377 226 2
160.302 258.751 220 2
66.5314 136.734 220 2
159.473 258.192 214 2
65.7024 136.175 214 2
158.59 257.722 208 2
64.9363 135.532 220 1
157.761 257.163 214 1
64.2417 134.813 226 1
156.932 256.604 214 0
63.626 134.025 232 1
156.103 256.045 214 0
63.0961 133.177 238 1
155.274 255.485 214 0
62.5662 132.329 238 0
154.391 255.016 208 2
62.0363 131.48 238 0
153.464 254.641 202 2
61.5063 130.632 238 0
152.537 254.267 202 0
61.068 129.734 244 1
151.654 253.797 208 1
60.7259 128.794 250 1
150.825 253.238 214 1
60.484 127.824 256 1
149.942 252.769 208 2
60.3449 126.833 262 1
149.113 252.209 214 1
60.31 125.834 268 1
148.347 251.567 220 1
60.1708 124.844 262 2
147.581 250.924 220 0
60.0316 123.853 262 0
146.752 250.365 214 2
59.8924 122.863 262 0
145.869 249.895 208 2
59.8575 121.864 268 1
144.941 249.521 202 2
59.7184 120.874 262 2
144.059 249.051 208 1
59.4764 119.903 256 2
143.229 248.492 214 1
59.2345 118.933 256 0
142.4 247.933 214 0
59.0953 117.943 262 1
141.634 247.29 220 1
59.0604 116.943 268 1
140.94 246.571 226 1
59.1302 115.946 274 1
140.174 245.928 220 2
59.3038 114.961 280 1
139.408 245.285 220 0
59.5795 114 286 1
138.642 244.642 220 0
59.8551 113.038 286 0
137.876 243.999 220 0
60.2297 112.111 292 1
137.11 243.357 220 0
60.6992 111.228 298 1
136.343 242.714 220 0
61.2584 110.399 304 1
135.514 242.155 214 2
61.8176 109.57 304 0
134.631 241.685 208 2
62.3768 108.741 304 0
133.704 241.311 202 2
63.0196 107.975 310 1
132.743 241.035 196 2
63.5788 107.146 304 2
131.782 240.759 196 0
64.0482 106.263 298 2
130.821 240.484 196 0
64.6074 105.434 304 1
129.893 240.109 202 1
65.0769 104.551 298 2
128.966 239.734 202 0
65.4515 103.624 292 2
128.039 239.36 202 0
65.921 102.741 298 1
127.156 238.89 208 1
66.3904 101.858 298 0
126.229 238.516 202 2
66.8599 100.975 298 0
125.268 238.24 196 2
67.3294 100.092 298 0
124.306 237.965 196 0
67.704 99.165 292 2
123.379 237.59 202 1
67.9796 98.2037 286 2
122.496 237.12 208 1
68.1533 97.2189 280 2
121.667 236.561 214 1
68.223 96.2213 274 2
120.784 236.092 208 2
68.1881 95.2219 268 2
119.857 235.717 202 2
68.2579 94.2244 274 1
118.974 235.248 208 1
68.4315 93.2396 280 1
118.145 234.688 214 1
68.7072 92.2783 286 1
117.379 234.046 220 1
68.9828 91.317 286 0
116.55 233.487 214 2
69.1565 90.3322 280 2
115.667 233.017 208 2
69.2262 89.3347 274 2
114.74 232.642 202 2
69.3999 88.3499 280 1
113.857 232.173 208 1
69.6755 87.3886 286 1
113.028 231.614 214 1
70.0501 86.4614 292 1
112.262 230.971 220 1
70.4247 85.5342 292 0
111.433 230.412 214 2
70.7004 84.573 286 2
110.55 229.942 208 2
70.874 83.5882 280 2
109.623 229.568 202 2
71.0477 82.6034 280 0
108.661 229.292 196 2
71.2213 81.6185 280 0
107.7 229.016 196 0
71.395 80.6337 280 0
106.739 228.741 196 0
71.4647 79.6362 274 2
105.754 228.567 190 2
71.4298 78.6368 268 2
104.756 228.497 184 2
71.2906 77.6465 262 2
103.757 228.532 178 2
71.0487 76.6762 256 2
102.76 228.463 184 1
70.7067 75.7365 250 2
101.775 228.289 190 1
70.2683 74.8377 244 2
100.813 228.013 196 1
69.83 73.9389 244 0
99.8286 227.84 190 2
69.3 73.0909 238 2
98.8674 227.564 196 1
68.6844 72.3029 232 2
97.9402 227.189 202 1
68.0687 71.5149 232 0
97.0572 226.72 208 1
67.453 70.7269 232 0
96.1743 226.25 208 0
66.8374 69.9388 232 0
95.2913 225.781 208 0
66.2217 69.1508 232 0
94.4084 225.311 208 0
65.6061 68.3628 232 0
93.5794 224.752 214 1
64.9904 67.5748 232 0
92.8133 224.109 220 1
64.2957 66.8555 226 2
92.1187 223.39 226 1
63.6801 66.0675 232 1
91.3526 222.747 220 2
63.1502 65.2194 238 1
90.5236 222.188 214 2
62.6202 64.3714 238 0
89.6406 221.719 208 2
62.0903 63.5233 238 0
88.8116 221.16 214 1
61.5604 62.6753 238 0
88.0455 220.517 220 1
60.9447 61.8873 232 2
87.3509 219.797 226 1
60.2501 61.1679 226 2
86.7352 219.009 232 1
59.484 60.5251 220 2
86.2053 218.161 238 1
58.718 59.8823 220 0
85.6754 217.313 238 0
57.889 59.3232 214 2
85.237 216.414 244 1
57.006 58.8537 208 2
84.895 215.475 250 1
56.177 58.2945 214 1
84.553 214.535 250 0
55.294 57.825 208 2
84.1146 213.636 244 2
54.3668 57.4504 202 2
83.5847 212.788 238 2
53.4839 56.9809 208 1
82.969 212 232 2
52.5567 56.6063 202 2
82.2744 211.281 226 2
51.5954 56.3307 196 2
81.5083 210.638 220 2
50.6342 56.0551 196 0
80.7423 209.995 220 0
49.6494 55.8814 190 2
79.9132 209.436 214 2
48.6518 55.8117 184 2
79.0303 208.967 208 2
47.667 55.638 190 1
78.1473 208.497 208 0
46.6822 55.4644 190 0
77.2644 208.028 208 0
45.6974 55.2907 190 0
76.3815 207.558 208 0
44.7126 55.1171 190 0
75.4543 207.184 202 2
43.7278 54.9434 190 0
74.5713 206.714 208 1
42.743 54.7698 190 0
73.7423 206.155 214 1
41.7454 54.7 184 2
72.9762 205.512 220 1
40.746 54.7349 178 2
72.2816 204.793 226 1
39.7557 54.8741 172 2
71.6659 204.005 232 1
38.7655 55.0133 172 0
71.0503 203.217 232 0
37.7661 55.0482 178 1
70.5203 202.369 238 1
36.7685 54.9784 184 1
70.082 201.47 244 1
35.7837 54.8048 190 1
69.7399 200.53 250 1
34.8225 54.5291 196 1
69.498 199.56 256 1
33.8953 54.1545 202 1
69.3589 198.57 262 1
32.9681 53.7799 202 0
69.1169 197.599 256 2
32.0851 53.3104 208 1
68.9778 196.609 262 1
31.2561 52.7512 214 1
68.9429 195.61 268 1
30.3732 52.2818 208 2
68.908 194.61 268 0
29.4902 51.8123 208 0
68.9777 193.613 274 1
28.6073 51.3428 208 0
69.1514 192.628 280 1
27.7243 50.8733 208 0
69.2211 191.63 274 2
26.8953 50.3142 214 1
69.3948 190.646 280 1
26.1292 49.6714 220 1
69.6704 189.684 286 1
25.3002 49.1122 214 2
70.045 188.757 292 1
24.5341 48.4694 220 1
70.5145 187.874 298 1
23.8395 47.75 226 1
71.0737 187.045 304 1
23.1448 47.0307 226 0
71.6329 186.216 304 0
22.4502 46.3114 226 0
72.2757 185.45 310 1
21.7555 45.592 226 0
72.995 184.755 316 1
21.1399 44.804 232 1
73.7143 184.061 316 0
20.4452 44.0847 226 2
74.5023 183.445 322 1
19.6791 43.4419 220 2
75.3504 182.915 328 1
18.8501 42.8827 214 2
76.2492 182.477 334 1
17.9672 42.4132 208 2
77.0972 181.947 328 2
17.04 42.0386 202 2
77.8852 181.331 322 2
16.1128 41.664 202 0
78.6046 180.637 316 2
15.1856 41.2894 202 0
79.2474 179.871 310 2
14.2584 40.9148 202 0
79.8066 179.042 304 2
13.3312 40.5402 202 0
80.276 178.159 298 2
12.37 40.2646 196 2
80.8352 177.33 304 1
11.3852 40.0909 190 2
81.478 176.564 310 1
10.4004 39.9173 190 0
82.0372 175.734 304 2
9.4028 39.8475 184 2
82.5067 174.852 298 2
8.40341 39.8824 178 2
82.8813 173.924 292 2
7.40585 39.8126 184 1
83.3508 173.041 298 1
6.40646 39.8475 178 2
83.91 172.212 304 1
5.41619 39.9867 172 2
84.5527 171.446 310 1
4.44589 40.2286 166 2
85.2721 170.752 316 1
3.5062 40.5707 160 2
85.9914 170.057 316 0
2.60741 41.009 154 2
86.7108 169.362 316 0
1.66771 41.3511 160 1
87.4988 168.747 322 1
0.728022 41.6931 160 0
88.3468 168.217 328 1
-0.21167 42.0351 160 0
.
----------------------------------------------------------------------
Ran 1 test in 14.761s

OK
